# 4 100 0.1 1 100 harmonic 2 3 0 nointeraction 1 0 5000 10 0
0.4675
0.52
0.4975
0.4625
0.48
0.4525
0.4525
0.495
0.4175
0.4675
0.445
0.4625
0.48
0.47
0.4825
0.4925
0.4775
0.4725
0.455
0.52
0.485
0.43
0.465
0.4775
0.4375
0.435
0.4775
0.4575
0.4525
0.455
0.4775
0.425
0.4275
0.5
0.49
0.4575
0.4225
0.4375
0.4775
0.4975
0.43
0.4075
0.4575
0.4675
0.4325
0.4325
0.4675
0.425
0.47
0.47
0.495
0.4325
0.44
0.4225
0.4275
0.49
0.46
0.4825
0.49
0.485
0.4425
0.485
0.455
0.435
0.4525
0.4325
0.4475
0.48
0.505
0.5
0.4225
0.4875
0.4625
0.5
0.4775
0.495
0.48
0.49
0.465
0.4975
0.505
0.46
0.4525
0.4575
0.43
0.44
0.4575
0.495
0.4775
0.455
0.475
0.4525
0.4625
0.5225
0.46
0.46
0.47
0.515
0.4825
0.4125
0.475
0.4175
0.5025
0.4025
0.425
0.4425
0.47
0.4275
0.455
0.485
0.435
0.49
0.4375
0.415
0.53
0.4375
0.4725
0.4675
0.445
0.4775
0.45
0.46
0.44
0.415
0.435
0.4575
0.415
0.4325
0.4625
0.46
0.4675
0.4325
0.4475
0.4575
0.4825
0.4525
0.46
0.435
0.4975
0.395
0.4525
0.445
0.4525
0.4275
0.47
0.46
0.5
0.4675
0.435
0.48
0.475
0.4325
0.48
0.4475
0.4425
0.43
0.4675
0.455
0.39
0.4525
0.455
0.4225
0.49
0.4875
0.4775
0.4825
0.4525
0.485
0.46
0.505
0.4925
0.445
0.48
0.4475
0.4425
0.4475
0.415
0.4625
0.4825
0.4825
0.48
0.445
0.4725
0.465
0.46
0.46
0.435
0.48
0.4675
0.4725
0.5
0.4675
0.4475
0.4225
0.45
0.455
0.475
0.46
0.4575
0.4725
0.485
0.44
0.515
0.4525
0.4825
0.4375
0.5075
0.4725
0.49
0.415
0.465
0.4675
0.4825
0.4675
0.4925
0.48
0.485
0.45
0.4175
0.4675
0.4675
0.4775
0.4375
0.49
0.4475
0.4325
0.475
0.4375
0.4425
0.46
0.48
0.455
0.455
0.45
0.5
0.48
0.4575
0.4475
0.4375
0.5075
0.4925
0.4325
0.5
0.4675
0.5025
0.4425
0.4425
0.45
0.4975
0.405
0.4475
0.4675
0.45
0.4725
0.48
0.465
0.4325
0.45
0.4525
0.4675
0.43
0.4475
0.4925
0.4675
0.465
0.46
0.4425
0.4825
0.48
0.4625
0.46
0.46
0.4875
0.4475
0.4575
0.455
0.43
0.4375
0.4475
0.5075
0.4775
0.46
0.46
0.405
0.485
0.495
0.4525
0.4825
0.4375
0.495
0.475
0.52
0.45
0.465
0.4625
0.49
0.4625
0.4575
0.4575
0.4375
0.485
0.4925
0.4675
0.465
0.4325
0.485
0.48
0.4725
0.4225
0.4075
0.46
0.4625
0.4175
0.4375
0.5075
0.525
0.4325
0.4825
0.4825
0.445
0.485
0.4875
0.4375
0.445
0.4175
0.485
0.47
0.43
0.4325
0.44
0.4275
0.4075
0.42
0.4175
0.455
0.46
0.4925
0.5025
0.51
0.5225
0.445
0.4525
0.4225
0.4825
0.4625
0.4975
0.445
0.465
0.465
0.4225
0.4925
0.4825
0.4725
0.47
0.4475
0.4825
0.445
0.4175
0.4775
0.4725
0.4425
0.415
0.45
0.4725
0.4625
0.44
0.395
0.44
0.5
0.425
0.4725
0.42
0.415
0.4825
0.4875
0.455
0.4525
0.48
0.4
0.445
0.4325
0.49
0.4475
0.4875
0.48
0.48
0.455
0.43
0.475
0.4925
0.475
0.5075
0.475
0.485
0.4675
0.435
0.455
0.475
0.46
0.4625
0.4325
0.4475
0.455
0.47
0.4725
0.4675
0.4775
0.43
0.46
0.4925
0.485
0.4725
0.4575
0.42
0.4725
0.45
0.4325
0.45
0.4425
0.4375
0.4475
0.4625
0.47
0.4775
0.4425
0.5325
0.495
0.44
0.445
0.4425
0.4275
0.465
0.46
0.455
0.46
0.445
0.495
0.5075
0.4725
0.5
0.46
0.5475
0.445
0.435
0.4575
0.4475
0.4525
0.4475
0.48
0.445
0.4275
0.45
0.4575
0.4575
0.46
0.4675
0.4425
0.41
0.4775
0.445
0.4575
0.42
0.42
0.4675
0.465
0.4725
0.4475
0.4525
0.475
0.45
0.475
0.4275
0.43
0.43
0.4175
0.4775
0.4575
0.4775
0.465
0.4375
0.4925
0.4675
0.4375
0.46
0.49
0.43
0.4425
0.5
0.4575
0.4175
0.4575
0.445
0.4675
0.4475
0.4575
0.435
0.515
0.47
0.4275
