# 4 100 0.1 1 100 harmonic 2 3 0 nointeraction 1 0 5000 10 0
60
203.358
192.518
196.692
173.236
195.212
197.103
213.098
198.63
202.24
200.496
204.683
191.568
176.906
182.931
213.729
229.038
181.281
201.753
212.061
237.228
181.393
197.88
193.669
191.227
187.39
168.702
193.266
207.325
194.151
196.994
230.696
208.194
211.912
200.194
212.504
214.636
201.121
232.138
213.551
223.458
190.616
182.315
193.1
191.979
187.688
215.249
201.248
192.978
205.657
205.786
206.328
214.924
193.253
200.894
185.785
199.428
187.445
182.948
197.784
197.691
206.731
194.601
242.15
213.983
229.73
207.533
208.92
206.378
200.423
213.315
186.101
219
210.421
207.268
191.634
182.332
207.328
221.462
188.361
198.581
217.077
221.922
206.438
214.522
202.643
196.562
196.843
202.686
196.056
209.393
217.588
234.092
225.876
216.045
208.806
197.552
202.494
211.611
217.749
198.919
218.844
203.256
215.919
197.482
188.958
188.168
182.999
184.983
208.336
183.067
217.204
186.093
182.204
200.789
199.919
195.548
190.654
203.623
214.468
196.171
193.794
221.669
218.763
203.773
204.098
201.309
218.715
203.616
209.876
217.761
191.059
199.165
199.457
196.388
187.086
226.1
195.315
191.212
198.356
194.266
180.937
199.044
174.111
215.95
176.948
210.669
192.71
204.874
209.001
201.053
199.408
194.676
184.06
198.528
183.423
191.844
187.829
206.27
160.439
180.245
188.817
168.426
179.925
210.207
207.825
198.141
186.054
212.635
205.574
214.974
199.699
193.534
210.657
203.528
210.468
205.368
218.133
214.866
199.395
201.307
208.966
191.632
200.741
202.564
189.486
224.437
210.035
214.11
212.93
213.457
200.806
192.484
194.545
180.092
185.979
187.842
174.57
207.914
217.342
207.446
201.69
202.16
198.379
209.803
205.526
218.894
217.419
205.05
206.364
215.426
229.228
217.216
207.605
210.098
211.727
221.591
207.961
193.545
193.98
213.722
197.19
186.85
185.191
179.077
190.687
193.375
166.996
201.63
228.591
218.344
201.159
195.025
200.455
199.205
201.398
185.004
218.05
188.936
188.337
184.447
210.434
178.082
185.66
178.338
186.038
195.066
205.188
214.945
211.874
222.247
205.858
208.425
195.785
208.235
211.118
200.496
200.994
201.188
226.776
212.998
215.229
211.245
217.821
227.826
210.517
231.741
216.563
204.061
212.761
211.06
198.883
201.575
210.492
198.227
211.169
199.879
181.725
200.904
192.055
192.102
223.848
226.378
226.891
194.577
202.359
192.458
193.188
207.331
227.855
227.696
186.928
206.729
189.122
191.489
195.863
213.773
184.341
189.212
197.588
208.522
201.063
187.544
205.593
217.603
211.935
214.704
222.756
191.341
173.071
178.028
189.516
196.766
188.351
210.224
212.202
191.692
200.936
202.129
187.662
204.315
201.063
188.834
184.778
211.245
184.036
168.708
194.098
180.083
185.578
190.546
193.962
181.407
193.548
193.636
197.128
162.058
199.048
195.061
211.994
210.012
209.917
231.603
206.084
223.169
201.929
204.154
205.894
198.697
194.865
209.749
196.599
214.97
196.119
209.546
203.132
185.062
192.614
211.82
199.364
198.549
220.237
197.309
200.677
182.455
193.372
212.18
190.797
211.241
180.942
206.992
193.925
184.965
179.391
193.263
204.056
190.292
197.317
200.078
191.776
191.386
184.756
208.932
201.746
203.717
189.573
189.429
179.045
186.014
197.669
194.392
208.737
225.798
218.893
198.698
182.401
178.654
193.261
203.82
195.026
203.693
184.141
169.303
186.673
202.332
215.529
202.236
201.703
188.523
187.661
218.397
180.923
199.36
201.874
190.052
199.924
208.766
188.461
194.037
188.394
178.146
191.362
190.201
189.348
205.868
183.075
196.057
195.321
173.178
194.371
184.78
180.632
169.821
174.231
209.178
202.833
174.039
207.557
218.39
220.574
202.408
207.743
210.375
194.235
209.559
216.691
188.293
196.228
203.033
189.887
212.315
176.717
185.042
197.356
189.271
193.173
215.003
185.508
199.691
194.74
215.482
203.471
180.803
198.043
170.798
175.438
192.014
192.565
190.671
191.827
189.721
196.389
181.783
191.164
208.511
197.129
203.82
177.163
178.97
200.077
174.117
190.429
199.718
200.472
187.439
177.615
185.783
190.516
221.823
201.178
214.824
191.393
179.168
199.318
195.561
169.148
212.759
203.412
198.321
219.728
